image: 2019-04-19-16-18-00.pgm
resolution: 0.050000
origin: [-51.424999, -51.424999, 0.000000]
negate: 0
occupied_thresh: 0.65
free_thresh: 0.196

